{
 "cells": [
  {
   "cell_type": "code",
   "execution_count": 2,
   "metadata": {},
   "outputs": [],
   "source": [
    "import numpy as np\n",
    "import matplotlib.pyplot as plt\n",
    "import math"
   ]
  },
  {
   "cell_type": "markdown",
   "metadata": {},
   "source": [
    "\n",
    "---\n",
    "# VIDEO: Computing rank: theory and practice\n",
    "---\n"
   ]
  },
  {
   "cell_type": "code",
   "execution_count": 3,
   "metadata": {},
   "outputs": [
    {
     "output_type": "stream",
     "name": "stdout",
     "text": [
      "rank = 4\n"
     ]
    }
   ],
   "source": [
    "# make a matrix\n",
    "m = 4\n",
    "n = 6\n",
    "\n",
    "# create a random matrix\n",
    "A = np.random.randn(m,n)\n",
    "\n",
    "# what is the largest possible rank?\n",
    "ra = np.linalg.matrix_rank(A)\n",
    "print('rank = ' + str(ra))\n",
    "\n",
    "# set last column to be repeat of penultimate column\n",
    "B = A\n",
    "B[:,-1] = B[:,-2]\n",
    "\n",
    "rb = np.linalg.matrix_rank(B)\n",
    "# print('rank = ' + str(rb))"
   ]
  },
  {
   "cell_type": "code",
   "execution_count": 7,
   "metadata": {},
   "outputs": [
    {
     "output_type": "stream",
     "name": "stdout",
     "text": [
      "rank (w/o noise) = 29\nrank (with noise) = 30\n"
     ]
    }
   ],
   "source": [
    "## adding noise to a rank-deficient matrix\n",
    "\n",
    "# square for convenience\n",
    "A = np.round( 10*np.random.randn(m,m) )\n",
    "\n",
    "# reduce the rank\n",
    "A[:,-1] = A[:,-2]\n",
    "\n",
    "# noise level\n",
    "noiseamp = .001\n",
    "\n",
    "# add the noise\n",
    "B = A + noiseamp*np.random.randn(m,m)\n",
    "\n",
    "print('rank (w/o noise) = ' + str(np.linalg.matrix_rank(A)))\n",
    "print('rank (with noise) = ' + str(np.linalg.matrix_rank(B)))\n"
   ]
  },
  {
   "cell_type": "code",
   "execution_count": 10,
   "metadata": {},
   "outputs": [
    {
     "output_type": "stream",
     "name": "stdout",
     "text": [
      "[[ 2.65918774 -0.96547627 -0.77884071  0.0430701 ]\n [-1.32766044 -1.76819781 -0.63532685  0.19682309]\n [-1.60932502 -0.17233027  0.47846307  0.26939936]\n [-0.35318914  0.30201433 -0.22017559  1.70922099]\n [-1.39450226  1.72019848 -1.64099243 -1.178563  ]\n [ 0.88654249 -0.07915646 -0.57273571  0.41178429]\n [ 0.41183376 -1.00315424  0.29378724  1.83309784]\n [-1.07269099 -1.79173506  0.88287981  1.06282745]\n [ 0.22352775  0.19679166  0.32450764 -0.23315918]\n [-1.32550249  0.04996725 -0.62201032  0.40404345]]\n\n[[ 2.65918774 -1.32766044 -1.60932502 -0.35318914 -1.39450226  0.88654249\n   0.41183376 -1.07269099  0.22352775 -1.32550249]\n [-0.96547627 -1.76819781 -0.17233027  0.30201433  1.72019848 -0.07915646\n  -1.00315424 -1.79173506  0.19679166  0.04996725]\n [-0.77884071 -0.63532685  0.47846307 -0.22017559 -1.64099243 -0.57273571\n   0.29378724  0.88287981  0.32450764 -0.62201032]\n [ 0.0430701   0.19682309  0.26939936  1.70922099 -1.178563    0.41178429\n   1.83309784  1.06282745 -0.23315918  0.40404345]]\n"
     ]
    }
   ],
   "source": [
    "m = 10\n",
    "n = 4\n",
    "\n",
    "A = np.round( 10*np.random.randn(m,m) )\n",
    "B = A.T\n",
    "\n",
    "print(A)\n",
    "print('')\n",
    "print(B)\n"
   ]
  },
  {
   "cell_type": "markdown",
   "metadata": {},
   "source": [
    "\n",
    "---\n",
    "# VIDEO: Rank of A^TA and AA^T\n",
    "---\n"
   ]
  },
  {
   "cell_type": "code",
   "execution_count": 5,
   "metadata": {},
   "outputs": [
    {
     "output_type": "stream",
     "name": "stdout",
     "text": [
      "AtA: 3x3, rank=3\nAAt: 14x14, rank=3\n"
     ]
    }
   ],
   "source": [
    "# matrix sizes\n",
    "m = 14\n",
    "n =  3\n",
    "\n",
    "# create matrices\n",
    "A = np.round( 10*np.random.randn(m,n) )\n",
    "\n",
    "AtA = A.T@A\n",
    "AAt = A@A.T\n",
    "\n",
    "# get matrix sizes\n",
    "sizeAtA = AtA.shape\n",
    "sizeAAt = AAt.shape\n",
    "\n",
    "# print info!\n",
    "print('AtA: %dx%d, rank=%d' %(sizeAtA[0],sizeAtA[1],np.linalg.matrix_rank(AtA)))\n",
    "print('AAt: %dx%d, rank=%d' %(sizeAAt[0],sizeAAt[1],np.linalg.matrix_rank(AAt)))\n"
   ]
  },
  {
   "cell_type": "markdown",
   "metadata": {},
   "source": [
    "\n",
    "---\n",
    "# VIDEO: Making a matrix full-rank by \"shifting\"\n",
    "---\n"
   ]
  },
  {
   "cell_type": "code",
   "execution_count": 6,
   "metadata": {},
   "outputs": [
    {
     "output_type": "stream",
     "name": "stdout",
     "text": [
      "rank(w/o shift) = 29\nrank(with shift) = 30\n"
     ]
    }
   ],
   "source": [
    "# size of matrix\n",
    "m = 30\n",
    "\n",
    "# create the square symmetric matrix\n",
    "A = np.random.randn(m,m)\n",
    "A = np.round( 10*A.T@A )\n",
    "\n",
    "# reduce the rank\n",
    "A[:,0] = A[:,1]\n",
    "\n",
    "# shift amount (l=lambda)\n",
    "l = .01\n",
    "\n",
    "# new matrix\n",
    "B = A + l*np.eye(m,m)\n",
    "\n",
    "# print information\n",
    "print('rank(w/o shift) = %d' %np.linalg.matrix_rank(A))\n",
    "print('rank(with shift) = %d' %np.linalg.matrix_rank(B))\n"
   ]
  }
 ],
 "metadata": {
  "kernelspec": {
   "display_name": "Python 3.9.2 64-bit ('linear': venv)",
   "language": "python",
   "name": "python39264bitlinearvenv6ce40b61835845b0a51e3922e69d679e"
  },
  "language_info": {
   "codemirror_mode": {
    "name": "ipython",
    "version": 3
   },
   "file_extension": ".py",
   "mimetype": "text/x-python",
   "name": "python",
   "nbconvert_exporter": "python",
   "pygments_lexer": "ipython3",
   "version": "3.9.3-final"
  }
 },
 "nbformat": 4,
 "nbformat_minor": 2
}